10000000 -2.14748e+007 -2.14748e+007 -2.14748e+007
20000000 -6.87195e+007 -6.87195e+007 -6.87195e+007
30000000 -1.41734e+008 -1.41734e+008 -1.41734e+008
40000000 -2.53403e+008 -2.53403e+008 -2.53403e+008
50000000 -3.86547e+008 -3.86547e+008 -3.86547e+008
60000000 -5.54051e+008 -5.54051e+008 -5.54051e+008
70000000 -7.51619e+008 -7.51619e+008 -7.51619e+008
80000000 -9.87842e+008 -9.87842e+008 -9.87842e+008
90000000 -1.26702e+009 -1.26702e+009 -1.26702e+009
100000000 -1.59773e+009 -1.59773e+009 -1.59773e+009
